Subject: c19rl
trial	startTime	responseTime	vary	n	response	Rdot	Rspace	Nrings	Feedback	points	score
1	105117	15590	space	26	25	11	55.43	4	26	9	9
2	133880	33571	area	57	56	11	11.00	6	57	9	18
3	172386	12613	area	29	32	11	11.00	5	29	9	27
4	191326	19143	size	133	129	27	27.00	8	133	9	36
5	222745	6263	space	186	136	11	22.17	10	186	8	44
6	231463	7511	area	138	57	11	11.00	9	138	0	44
7	243045	4568	space	300	188	11	18.48	12	300	5	49
8	250452	6344	size	52	16	36	36.00	6	52	0	49
9	258899	9015	size	108	125	27	27.00	8	108	9	58
10	270752	3944	space	29	32	11	44.34	5	29	9	67
11	276207	6057	size	154	72	24	24.00	9	154	0	67
12	283279	10678	size	64	72	36	36.00	6	64	9	76
13	295356	10902	area	71	108	11	11.00	6	71	6	82
14	307338	3129	size	247	300	20	20.00	11	247	9	91
15	311209	8088	size	48	30	44	44.00	5	48	5	96
16	320328	14486	space	213	350	11	22.17	10	213	5	101
17	337525	5687	area	93	72	11	11.00	7	93	8	109
18	344436	6230	area	18	20	11	11.00	4	18	9	118
19	353890	22645	area	220	60	11	11.00	11	220	0	118
20	381693	5816	size	113	120	27	27.00	8	113	9	127
21	388348	7655	area	36	75	11	11.00	5	36	0	127
22	396859	4199	area	17	18	11	11.00	4	17	9	136
23	401962	6902	area	34	36	11	11.00	5	34	9	145
24	409591	5752	space	22	25	11	55.43	4	22	9	154
25	416135	9096	size	129	70	27	27.00	8	129	2	156
26	428373	5823	area	34	50	11	11.00	5	0	6	162
27	439027	9695	size	23	25	55	55.00	4	0	9	171
28	452385	2479	size	78	120	31	31.00	7	0	6	177
29	456032	6191	area	31	75	11	11.00	5	0	0	177
30	464063	5215	space	27	36	11	55.43	4	0	8	185
31	470750	3551	area	366	350	11	11.00	13	0	9	194
32	476141	2751	area	80	200	11	11.00	7	0	0	194
33	479579	1409	area	133	200	11	11.00	8	0	6	200
34	481579	5120	area	68	150	11	11.00	6	0	0	200
35	487355	2463	size	31	20	44	44.00	5	0	6	206
36	490474	3472	size	53	35	36	36.00	6	0	6	212
37	494585	4496	size	40	24	44	44.00	5	0	4	216
38	499689	2527	size	172	350	24	24.00	9	0	0	216
39	502792	2640	size	111	300	27	27.00	8	0	0	216
40	506008	7870	size	39	50	44	44.00	5	0	8	224
41	514645	8768	area	12	13	11	11.00	3	0	9	233
42	524772	4160	space	157	200	11	24.63	9	0	8	241
43	529971	2800	space	172	200	11	24.63	9	0	9	250
44	533554	7375	area	15	17	11	11.00	4	0	9	259
45	542177	10110	size	41	20	44	44.00	5	0	0	259
46	552927	5630	area	16	24	11	11.00	4	0	6	265
47	559278	2624	size	78	72	31	31.00	7	0	9	274
48	562702	5263	space	167	175	11	24.63	9	0	9	283
49	568845	5311	size	47	50	44	44.00	5	0	9	292
50	575227	5743	area	104	90	11	11.00	8	0	9	301
51	581834	8798	space	104	130	11	27.71	8	0	8	309
52	591369	6206	area	100	150	11	11.00	7	0	6	315
53	598359	3279	size	60	50	36	36.00	6	0	9	324
54	602343	6447	size	14	20	73	73.00	3	0	7	331
55	609669	5966	area	51	75	11	11.00	6	0	7	338
56	616276	3376	space	83	150	11	31.67	7	0	2	340
57	620340	1487	area	85	150	11	11.00	7	0	3	343
58	622387	2191	size	63	72	36	36.00	6	0	9	352
59	625155	7486	area	22	40	11	11.00	4	0	2	354
60	633425	1344	size	53	40	36	36.00	6	0	8	362
61	635313	3519	space	164	130	11	24.63	9	0	8	370
62	639583	2897	space	129	150	11	27.71	8	0	9	379
63	643088	4335	space	35	80	11	44.34	5	0	0	379
64	648271	5999	size	92	120	31	31.00	7	0	8	387
65	655166	1903	size	108	150	27	27.00	8	0	7	394
66	657709	5455	space	13	12	11	73.90	3	0	9	403
67	663932	3583	space	44	36	11	44.34	5	0	9	412
68	668155	8687	size	27	24	55	55.00	4	0	9	421
69	677577	1504	space	27	24	11	55.43	4	0	9	430
70	679673	2864	space	316	350	11	18.48	12	0	9	439
71	683241	2318	space	157	300	11	24.63	9	0	1	440
72	686216	1952	space	219	500	11	20.15	11	0	0	440
73	688856	4271	space	21	25	11	55.43	4	0	9	449
74	693606	3983	size	101	80	27	27.00	8	0	8	457
75	698198	7951	area	41	75	11	11.00	5	0	2	459
76	706869	2271	space	314	300	11	18.48	12	0	9	468
77	709844	3375	area	106	180	11	11.00	8	0	4	472
78	713875	1695	size	166	180	24	24.00	9	0	9	481
79	716195	2959	space	154	150	11	24.63	9	0	9	490
80	719730	3376	space	50	80	11	36.95	6	0	5	495
81	723682	1663	space	47	75	11	44.34	5	0	5	500
82	725825	5855	area	66	69	11	11.00	6	0	9	509
83	732384	2800	space	335	318	11	17.05	13	0	9	518
84	735856	5407	size	24	40	55	55.00	4	0	4	522
85	741982	6879	size	149	139	24	24.00	9	0	9	531
86	749885	4927	size	156	170	24	24.00	9	0	9	540
87	755611	11455	space	12	11	11	73.90	3	0	9	549
88	768506	5567	space	62	34	11	36.95	6	0	2	551
89	774761	15933	size	38	19	44	44.00	5	0	0	551
90	791670	5295	size	15	13	55	55.00	4	0	9	560
91	797989	8573	space	17	19	11	55.43	4	0	9	569
92	807379	5359	size	52	45	36	36.00	6	0	9	578
93	814434	3679	space	79	139	11	31.67	7	0	3	581
94	818785	2464	size	33	56	44	44.00	5	0	4	585
95	821793	10478	space	23	34	11	55.43	4	0	6	591
96	832991	4399	size	207	180	22	22.00	10	0	9	600
97	838014	9886	area	250	349	11	11.00	11	0	7	607
98	848748	5151	size	61	52	36	36.00	6	0	9	616
99	855195	20252	area	18	29	11	11.00	4	0	5	621
100	876375	3214	area	495	365	11	11.00	15	0	8	629
101	880518	8319	size	160	174	24	24.00	9	0	9	638
102	889765	9390	size	47	42	44	44.00	5	0	9	647
103	900451	9566	area	59	61	11	11.00	6	0	9	656
104	912177	6239	space	107	171	11	27.71	8	0	5	661
105	919072	3999	area	44	59	11	11.00	5	0	8	669
106	923887	5423	space	523	369	11	13.86	16	0	7	676
107	930637	6336	space	11	9	11	73.90	3	0	9	685
108	938460	6831	area	66	84	11	11.00	6	0	8	693
109	947483	10430	area	89	222	11	11.00	7	0	0	693
110	959113	8254	size	24	30	55	55.00	4	0	8	701
111	968135	5119	space	63	170	11	36.95	6	0	0	701
112	973846	4655	area	25	53	11	11.00	4	0	0	701
113	979237	9694	space	72	125	11	36.95	6	0	3	704
114	989507	3135	space	279	354	11	18.48	12	0	8	712
115	993251	15885	size	24	19	55	55.00	4	0	8	720
116	1009792	5151	space	38	123	11	44.34	5	0	0	720
117	1015711	3886	size	52	59	36	36.00	6	0	9	729
118	1020206	3390	size	69	85	36	36.00	6	0	9	738
119	1024125	2176	area	92	120	11	11.00	7	0	8	746
120	1026765	5263	size	61	96	36	36.00	6	0	5	751
121	1032603	5536	size	29	36	44	44.00	5	0	9	760
122	1038683	4143	area	25	17	11	11.00	4	0	7	767
123	1043561	3696	size	87	156	31	31.00	7	0	3	770
124	1047785	8271	area	18	20	11	11.00	4	0	9	779
125	1057767	9071	area	133	196	11	11.00	8	0	6	785
126	1067462	7806	size	45	65	44	44.00	5	0	7	792
127	1075844	10383	space	153	74	11	24.63	9	0	0	792
128	1086818	3888	area	71	58	11	11.00	6	0	9	801
129	1092098	3007	size	104	84	27	27.00	8	0	9	810
130	1095681	7455	size	158	126	24	24.00	9	0	8	818
131	1103871	4880	size	58	59	36	36.00	6	0	9	827
132	1109279	6110	area	150	176	11	11.00	9	0	9	836
133	1116909	2735	space	200	180	11	22.17	10	0	9	845
134	1121164	4816	space	18	22	11	55.43	4	0	9	854
135	1127051	4960	area	184	80	11	11.00	10	0	0	854
136	1132506	2079	area	49	70	11	11.00	6	0	7	861
137	1135130	1856	space	130	69	11	27.71	8	0	2	863
138	1137498	1967	space	32	84	11	44.34	5	0	0	863
139	1140153	3712	size	37	23	44	44.00	5	0	5	868
140	1144408	2704	size	71	70	36	36.00	6	0	9	877
141	1147575	5824	area	82	84	11	11.00	7	0	9	886
142	1154487	3263	space	18	12	11	55.43	4	0	6	892
143	1158278	5519	space	42	31	11	44.34	5	0	8	900
144	1164789	3343	space	57	35	11	36.95	6	0	5	905
145	1168708	1584	space	55	36	11	36.95	6	0	6	911
146	1170916	1424	space	43	37	11	44.34	5	0	9	920
147	1174099	6223	area	340	350	11	11.00	13	0	9	929
148	1181170	9774	area	15	28	11	11.00	4	0	2	931
149	1191808	3584	area	296	181	11	11.00	12	0	5	936
150	1196255	2272	size	188	191	22	22.00	10	0	9	945
151	1199551	7966	space	100	93	11	31.67	7	0	9	954
152	1208701	4064	space	37	38	11	44.34	5	0	9	963
153	1213820	1712	area	43	39	11	11.00	5	0	9	972
154	1216332	3535	size	167	80	24	24.00	9	0	0	972
155	1220411	4575	size	18	14	55	55.00	4	0	8	980
156	1226585	2593	space	98	38	11	31.67	7	0	0	980
157	1229962	1407	space	73	38	11	31.67	7	0	1	981
158	1232089	1664	area	41	39	11	11.00	5	0	9	990
159	1234873	1439	area	86	40	11	11.00	7	0	0	990
160	1237256	4879	size	50	52	36	36.00	6	0	9	999
161	1245831	5055	area	32	38	11	11.00	5	0	9	1008
162	1251942	3503	space	180	150	11	22.17	10	0	9	1017
163	1256069	3534	space	46	37	11	44.34	5	0	9	1026
164	1262708	4687	space	27	17	11	55.43	4	0	5	1031
165	1268387	4623	space	141	92	11	24.63	9	0	6	1037
166	1273826	2703	space	119	140	11	27.71	8	0	9	1046
167	1277313	2576	space	79	150	11	31.67	7	0	1	1047
168	1280897	3599	space	188	168	11	22.17	10	0	9	1056
169	1285344	6559	size	63	41	36	36.00	6	0	6	1062
170	1292655	2079	space	91	41	11	31.67	7	0	0	1062
171	1295294	2192	size	106	81	27	27.00	8	0	8	1070
172	1298366	1647	space	50	41	11	36.95	6	0	9	1079
173	1301485	5663	size	188	206	22	22.00	10	0	9	1088
174	1307996	3215	space	74	72	11	31.67	7	0	9	1097
175	1312075	2016	space	79	73	11	31.67	7	0	9	1106
176	1314795	1567	size	127	74	27	27.00	8	0	4	1110
177	1317050	4784	size	36	35	44	44.00	5	0	9	1119
178	1322649	2480	space	21	18	11	55.43	4	0	9	1128
179	1325881	2895	area	43	42	11	11.00	5	0	9	1137
180	1329944	3455	space	116	481	11	27.71	8	0	0	1137
181	1334215	4512	area	108	89	11	11.00	8	0	9	1146
182	1339398	2944	space	45	43	11	44.34	5	0	9	1155
183	1342966	2943	space	213	340	11	22.17	10	0	5	1160
184	1346596	1473	area	342	340	11	11.00	13	0	9	1169
185	1348341	1808	area	250	341	11	11.00	11	0	8	1177
186	1350996	3696	space	85	44	11	31.67	7	0	1	1178
187	1355748	5647	area	11	11	11	11.00	3	0	9	1187
188	1362658	7039	size	35	36	44	44.00	5	0	9	1196
189	1370273	3088	space	49	40	11	36.95	6	0	9	1205
190	1374192	2800	area	19	42	11	11.00	4	0	0	1205
191	1377647	5600	area	21	25	11	11.00	4	0	9	1214
192	1384175	6015	area	106	120	11	11.00	8	0	9	1223
193	1390766	2063	area	90	021	11	11.00	7	0	0	1223
194	1393596	1249	area	63	121	11	11.00	6	0	1	1224
195	1395549	2767	size	16	80	55	55.00	4	0	0	1224
196	1398812	1424	area	103	80	11	11.00	8	0	8	1232
197	1400892	3983	space	25	25	11	55.43	4	0	9	1241
198	1405515	2799	space	41	27	11	44.34	5	0	6	1247
199	1409034	2880	size	34	38	44	44.00	5	0	9	1256
200	1412458	3871	size	123	140	27	27.00	8	0	9	1265
201	1417209	3406	area	401	361	11	11.00	14	0	9	1274
202	1421559	3377	area	121	41	11	11.00	8	0	0	1274
203	1425511	8671	space	24	38	11	55.43	4	0	5	1279
204	1434822	2064	size	85	41	31	31.00	7	0	0	1279
205	1437588	3521	space	315	370	11	18.48	12	0	9	1288
206	1442085	6541	area	151	41	11	11.00	9	0	0	1288
207	1452099	3231	area	79	45	11	11.00	7	0	3	1291
208	1457122	4527	size	131	86	27	27.00	8	0	6	1297
209	1462513	3887	size	135	124	24	24.00	9	0	9	1306
210	1467712	5375	space	188	159	11	22.17	10	0	9	1315
211	1475423	7327	area	93	74	11	11.00	7	0	8	1323
212	1484285	7215	area	31	30	11	11.00	5	0	9	1332
213	1492476	14381	size	46	52	44	44.00	5	0	9	1341
214	1508057	5247	space	10	9	11	73.90	3	0	9	1350
215	1514631	5056	space	86	180	11	31.67	7	0	0	1350
216	1520391	8079	space	18	18	11	55.43	4	0	9	1359
217	1529301	3104	area	16	19	11	11.00	4	0	9	1368
218	1533013	5903	area	109	150	11	11.00	8	0	7	1375
219	1539412	5327	space	14	13	11	73.90	3	0	9	1384
220	1545539	9037	space	58	34	11	36.95	6	0	4	1388
221	1555265	3407	size	81	52	31	31.00	7	0	6	1394
222	1559312	2064	space	97	180	11	31.67	7	0	2	1396
223	1561856	2271	space	255	360	11	20.15	11	0	7	1403
224	1564655	1648	size	102	180	27	27.00	8	0	3	1406
225	1566783	2591	space	81	170	11	31.67	7	0	0	1406
226	1569950	3504	space	66	89	11	36.95	6	0	8	1414
227	1573950	5775	area	208	200	11	11.00	10	0	9	1423
228	1580301	4527	size	107	50	27	27.00	8	0	0	1423
229	1585932	5951	size	58	34	36	36.00	6	0	4	1427
230	1593322	5871	space	23	41	11	55.43	4	0	3	1430
231	1600409	13998	area	16	14	11	11.00	4	0	9	1439
232	1616694	11134	space	112	87	11	27.71	8	0	8	1447
233	1629012	11262	size	30	33	44	44.00	5	0	9	1456
234	1641906	7693	area	87	86	11	11.00	7	0	9	1465
235	1650656	2448	area	24	36	11	11.00	4	0	6	1471
236	1653888	10270	space	23	70	11	55.43	4	0	0	1471
237	1664958	3614	area	80	180	11	11.00	7	0	0	1471
238	1669069	1984	space	200	180	11	22.17	10	0	9	1480
239	1671564	2624	size	107	120	27	27.00	8	0	9	1489
240	1674940	4591	space	14	13	11	73.90	3	0	9	1498
241	1680219	2848	size	115	180	27	27.00	8	0	5	1503
242	1683739	2095	space	149	180	11	24.63	9	0	9	1512
243	1686346	1792	size	111	120	27	27.00	8	0	9	1521
244	1688666	1647	space	43	80	11	44.34	5	0	2	1523
245	1691033	3040	size	74	50	31	31.00	7	0	6	1529
246	1694649	4095	space	88	120	11	31.67	7	0	8	1537
247	1699320	3967	area	60	74	11	11.00	6	0	9	1546
248	1703895	3119	space	275	250	11	18.48	12	0	9	1555
249	1707686	5535	space	58	50	11	36.95	6	0	9	1564
250	1713813	3168	size	439	390	14	14.00	15	0	9	1573
251	1717717	5455	size	250	180	20	20.00	11	0	7	1580
252	1723764	1743	size	135	120	24	24.00	9	0	9	1589
253	1726019	5199	space	61	46	11	36.95	6	0	8	1597
254	1731906	3823	area	144	175	11	11.00	9	0	9	1606
255	1736801	3839	area	92	80	11	11.00	7	0	9	1615
256	1741615	7983	size	97	70	31	31.00	7	0	7	1622
257	1750303	3903	area	118	179	11	11.00	8	0	6	1628
258	1755022	3472	size	69	80	36	36.00	6	0	9	1637
259	1759213	5263	area	16	12	11	11.00	4	0	8	1645
260	1765468	5567	size	11	9	73	73.00	3	0	9	1654
261	1772395	22060	space	120	140	11	27.71	8	0	9	1663
262	1795415	8431	space	167	180	11	24.63	9	0	9	1672
263	1804773	4304	space	40	47	11	44.34	5	0	9	1681
264	1809636	2416	size	395	380	15	15.00	14	0	9	1690
265	1812532	3311	size	129	119	27	27.00	8	0	9	1699
266	1816275	2880	size	23	26	55	55.00	4	0	9	1708
267	1819602	4816	size	103	360	27	27.00	8	0	0	1708
268	1825042	2415	size	316	200	18	18.00	12	0	5	1713
269	1827777	51623	space	36	42	11	44.34	5	0	9	1722
270	1881704	3967	size	26	24	55	55.00	4	0	9	1731
271	1886183	2080	area	19	24	11	11.00	4	0	8	1739
272	1888679	2367	area	66	50	11	11.00	6	0	8	1747
273	1891462	2256	size	223	90	20	20.00	11	0	0	1747
274	1894278	3455	size	31	50	44	44.00	5	0	5	1752
275	1898101	1920	size	136	120	24	24.00	9	0	9	1761
276	1900341	3359	space	39	75	11	44.34	5	0	1	1762
277	1904116	6239	size	23	36	55	55.00	4	0	5	1767
278	1910867	1888	space	239	360	11	20.15	11	0	6	1773
279	1913235	4159	space	38	35	11	44.34	5	0	9	1782
280	1918066	4319	area	55	72	11	11.00	6	0	8	1790
281	1925664	6223	size	28	120	55	55.00	4	0	0	1790
282	1932495	4239	space	46	33	11	44.34	5	0	7	1797
283	1937358	5839	size	265	0120	18	18.00	12	0	0	1797
284	1944620	2817	space	255	350	11	20.15	11	0	7	1804
285	1948109	8718	space	72	54	11	36.95	6	0	8	1812
286	1957626	2864	area	56	52	11	11.00	6	0	9	1821
287	1963561	6144	size	51	31	36	36.00	6	0	5	1826
288	1970745	4767	area	109	86	11	11.00	8	0	8	1834
289	1976808	5982	size	126	120	27	27.00	8	0	9	1843
290	1984502	2976	size	122	121	27	27.00	8	0	9	1852
291	1988246	6830	size	154	16	24	24.00	9	0	0	1852
292	2004083	4975	area	71	42	11	11.00	6	0	4	1856
293	2009714	4319	area	71	41	11	11.00	6	0	4	1860
294	2014817	5247	size	217	80	20	20.00	11	0	0	1860
295	2020672	8286	space	41	42	11	44.34	5	0	9	1869
296	2030126	6510	space	16	20	11	55.43	4	0	8	1877
297	2037421	15709	area	100	41	11	11.00	7	0	0	1877
298	2053738	1728	area	102	41	11	11.00	8	0	0	1877
299	2055930	3327	size	331	250	17	17.00	13	0	8	1885
300	2060041	1808	area	60	42	11	11.00	6	0	7	1892
301	2062729	9278	area	152	180	11	11.00	9	0	9	1901
302	2073175	5390	space	23	25	11	55.43	4	0	9	1910
303	2079270	13693	area	54	41	11	11.00	6	0	8	1918
304	2095634	7871	size	17	21	55	55.00	4	0	9	1927
305	2104193	5599	size	10	10	73	73.00	3	0	9	1936
306	2110896	1405196	space	107	42	11	27.71	8	0	0	1936
